10107
10057
10165
11352
10000
11005
07005
11242
11010
10167
11368
11420
11226
11385
10281
10025
11429
11430
10309
10312
10461
11374
11237
10009
10040
11201
10035
11361
11207
10023
11419
11222
10305
10474
10022
11433
11360
11102
11221
11697
10456
10020
10458
11377
10112
11213
11209
10004
10465
11216
11373
11249
11355
10104
10036
11421
10048
10026
11236
11223
10310
10029
11104
10468
10464
10457
11417
10453
10019
11205
11363
10016
10314
11354
11212
10010
11427
11220
11435
10013
10467
10012
11411
10018
11232
10472
11103
10302
10301
11370
11372
10002
11210
11234
10011
11233
11692
10031
10452
11208
10003
11204
10075
11418
10028
10451
11238
11436
10317
10065
11691
11203
11214
10168
11364
11693
11235
10017
10021
10005
10006
10106
11379
10027
11451
10311
11428
10038
11357
10128
10473
11040
10475
10306
11231
11378
11228
10460
10462
11362
11215
10039
11256
11224
10103
10032
11109
11416
10455
10304
10007
11239
11225
11426
11217
11432
11229
10471
11211
11369
10470
11375
10459
10307
10024
10014
10037
10308
10111
11366
10030
10469
11206
10033
11101
11415
10034
11367
11230
11694
11218
11423
10069
11414
11106
11412
10282
10280
10119
10303
11413
10466
11004
11105
10122
11365
11422
11358
10121
10044
10463
11356
10454
11434
10001
11371
11001
10123
10171
11219
10153
10174
